              precision    recall  f1-score   support

           0       0.00      0.00      0.00       300
           1       0.00      0.00      0.00       300
           2       0.00      0.00      0.00       300
           3       0.00      0.00      0.00       300
           4       0.00      0.00      0.00       300
           5       0.00      0.00      0.00       300
           6       0.00      0.00      0.00       300
           7       0.00      0.00      0.00       300
           8       0.00      0.00      0.00       300
           9       0.00      0.00      0.00       300
          10       0.06      0.18      0.08       300
          11       0.00      0.00      0.00       300
          12       0.03      0.01      0.01       300
          13       0.07      0.03      0.05       300
          14       0.03      0.10      0.04       300
          15       0.00      0.00      0.00       300
          16       0.00      0.00      0.00       300
          17       0.00      0.00      0.00       300
          18       0.42      0.79      0.55       300
          19       0.01      0.06      0.02       300
          20       0.03      0.01      0.01       300
          21       0.12      0.06      0.08       300
          22       0.00      0.00      0.00       300
          23       0.02      0.00      0.01       300
          24       0.04      0.03      0.03       300
          25       0.00      0.00      0.00       300
          26       0.03      0.04      0.04       300
          27       0.05      0.08      0.06       300
          28       0.00      0.00      0.00       300
          29       0.00      0.00      0.00       300
          30       0.02      0.01      0.01       300
          31       0.00      0.00      0.00       300
          32       0.00      0.00      0.00       300
          33       0.05      0.20      0.08       300
          34       0.00      0.00      0.00       300
          35       0.00      0.00      0.00       300
          36       0.00      0.00      0.00       300
          37       0.00      0.00      0.00       300
          38       0.00      0.00      0.00       300
          39       0.00      0.00      0.00       300
          40       0.06      0.00      0.01       300
          41       0.00      0.00      0.00       300
          42       0.00      0.00      0.00       300
          43       0.04      0.01      0.01       300
          44       0.09      0.01      0.02       300
          45       0.00      0.00      0.00       300
          46       0.00      0.00      0.00       300
          47       0.00      0.00      0.00       300
          48       0.00      0.00      0.00       300
          49       0.05      0.25      0.08       300
          50       0.00      0.00      0.00       300
          51       0.00      0.00      0.00       300
          52       0.08      0.59      0.14       300
          53       0.02      0.02      0.02       300
          54       0.00      0.00      0.00       300
          55       0.00      0.00      0.00       300
          56       0.00      0.00      0.00       300
          57       0.00      0.00      0.00       300
          58       0.00      0.00      0.00       300
          59       0.00      0.00      0.00       300
          60       0.06      0.09      0.07       300
          61       0.04      0.10      0.06       300
          62       0.02      0.01      0.01       300
          63       0.00      0.00      0.00       300
          64       0.00      0.00      0.00       300
          65       0.00      0.00      0.00       300
          66       0.07      0.04      0.05       300
          67       0.00      0.00      0.00       300
          68       0.00      0.00      0.00       300
          69       0.00      0.00      0.00       300
          70       0.07      0.40      0.13       300
          71       0.00      0.00      0.00       300
          72       0.00      0.00      0.00       300
          73       0.08      0.24      0.12       300
          74       0.00      0.00      0.00       300
          75       0.00      0.00      0.00       300
          76       0.00      0.00      0.00       300
          77       0.00      0.00      0.00       300
          78       0.07      0.12      0.09       300
          79       0.00      0.00      0.00       300
          80       0.03      0.02      0.02       300
          81       0.00      0.00      0.00       300
          82       0.04      0.26      0.06       300
          83       0.02      0.02      0.02       300
          84       0.00      0.00      0.00       300
          85       0.00      0.00      0.00       300
          86       0.00      0.00      0.00       300
          87       0.15      0.03      0.05       300
          88       0.00      0.00      0.00       300
          89       0.00      0.00      0.00       300
          90       0.06      0.01      0.02       300
          91       0.02      0.00      0.01       300
          92       0.00      0.00      0.00       300
          93       0.07      0.50      0.12       300
          94       0.06      0.17      0.09       300
          95       0.00      0.00      0.00       300
          96       0.00      0.00      0.00       300
          97       0.06      0.37      0.11       300
          98       0.00      0.00      0.00       300
          99       0.01      0.04      0.02       300
         100       0.00      0.00      0.00       300
         101       0.10      0.60      0.17       300
         102       0.02      0.00      0.01       300
         103       0.00      0.00      0.00       300
         104       0.00      0.00      0.00       300
         105       0.08      0.42      0.14       300
         106       0.00      0.00      0.00       300
         107       0.00      0.00      0.00       300
         108       0.00      0.00      0.00       300
         109       0.06      0.07      0.07       300
         110       0.00      0.00      0.00       300
         111       0.00      0.00      0.00       300
         112       0.02      0.27      0.05       300
         113       0.05      0.24      0.08       300

    accuracy                           0.06     34200
   macro avg       0.02      0.06      0.03     34200
weighted avg       0.02      0.06      0.03     34200
